# names phi theta dt Tspan wn log10_A_dm log10_A_red log10_A_sv g_dm g_red g_sv
J0023+0923 0.101229 1.40674 149575 10.7307 2.32619 -15.5174 -43.8134 -45.3076 3.67935 1.47167 3.1279
J0030+0451 0.132645 1.48528 306928 10.4366 2.46745 -15.4458 -43.211 -42.6338 4.87097 2.92398 2.58949
J0340+4130 0.961676 0.846485 296059 9.81717 1.23999 -44.528 -43.4258 -44.2147 2.91788 3.22345 3.79584
J0406+3039 1.07512 1.03498 144314 10.652 1.1998 -44.178 -42.8456 -44.4799 3.7162 3.28679 1.53377
J0437-4715 1.20951 2.39634 768624 9.90011 1.74642 -14.3091 -44.253 -45.6843 1.68694 1.56131 4.3965
J0509+0856 1.34914 1.41546 107580 9.92896 4.9013 -14.1445 -14.6312 -44.9465 4.93564 2.40439 3.05612
J0557+1551 1.56032 1.29503 100818 10.4196 1.73645 -12.8945 -44.0513 -12.8426 4.62934 3.89251 0.67639
J0605+3757 1.59349 0.907571 256515 9.77355 6.90011 -15.9317 -44.5972 -42.6729 2.59942 4.0185 2.1239
J0610-2100 1.61617 1.93732 200342 9.73485 0.619915 -14.6938 -15.8062 -43.6597 2.96751 4.64285 3.55376
J0613-0200 1.63014 1.6057 445665 10.3018 2.31537 -15.831 -43.9506 -45.0237 4.37611 2.57971 3.74242
J0636+5128 1.72788 0.671952 161915 10.214 1.64801 -15.8078 -13.5897 -43.2927 3.48489 1.80674 2.72726
J0645+5158 1.77151 0.663225 161042 9.94894 3.17748 -44.6979 -43.9866 -14.876 4.13351 2.20296 2.65803
J0709+0458 1.87274 1.48353 122078 9.98066 0.953576 -44.5807 -14.4975 -43.5129 2.70946 1.25016 2.07182
J0740+6620 2.01062 0.413643 321314 9.93774 5.63939 -15.6438 -43.3457 -42.765 2.44168 1.1946 4.16208
J0931-1902 2.49233 1.90241 401274 10.2216 2.04869 -44.725 -45.3609 -43.629 1.41457 3.39876 1.13754
J1012+5307 2.6721 0.644026 223677 9.81108 2.59685 -14.6425 -15.1023 -45.126 4.48873 2.47955 4.10038
J1012-4235 2.6721 2.31431 519069 10.1131 2.9095 -14.6461 -14.6703 -43.0965 2.9556 0.480087 3.61355
J1022+1001 2.71748 1.39626 604932 9.74499 10.388 -12.8597 -44.5063 -42.7559 2.58852 1.38474 2.49119
J1024-0719 2.7262 1.69821 184352 10.1715 1.28422 -42.9075 -44.6693 -14.2155 3.28178 1.66985 4.40039
J1125+7819 2.99324 0.204204 731060 9.77371 9.02107 -15.3808 -15.5157 -42.6777 0.889811 1.47425 2.02917
J1312+0051 3.45924 1.55509 122195 9.96271 0.952879 -44.8365 -45.1889 -42.6955 3.46441 3.30808 2.42785
J1453+1902 3.89907 1.23918 268458 9.81517 1.60116 -13.1077 -15.7523 -45.8648 0.797469 4.05983 4.03472
J1455-3330 3.90779 2.15548 193990 9.88735 2.75695 -13.1033 -44.3778 -43.7326 4.91213 3.9797 1.69226
J1600-3053 4.19228 2.1101 285507 9.53981 1.97936 -12.9628 -42.5823 -43.8864 3.80316 2.82486 2.21304
J1614-2230 4.25337 1.9635 308191 10.2798 0.507467 -15.7118 -45.9434 -44.7055 4.35564 1.49646 0.849984
J1630+3734 4.32318 0.914553 437467 10.1893 1.4963 -14.5227 -44.2295 -45.6425 2.91691 3.98277 2.95899
J1640+2224 4.36507 1.17984 397942 9.71537 5.99122 -12.8447 -14.5067 -44.7198 2.04306 1.06137 3.63079
J1643-1224 4.37903 1.78722 418525 10.1284 0.374027 -42.8068 -43.2501 -44.2111 1.97222 2.45895 2.48311
J1705-1903 4.47502 1.90415 114826 10.0598 3.56831 -13.6292 -45.6562 -42.9163 3.87833 2.18476 4.31536
J1713+0747 4.51168 1.43466 336712 9.83414 1.26809 -13.8321 -44.1428 -44.2051 4.11362 2.65106 0.504137
J1719-1438 4.53437 1.82561 822875 10.1341 1.76075 -45.3772 -15.8089 -45.3072 0.948906 4.00632 0.950224
J1730-2304 4.58323 1.97397 61058.2 9.48062 7.53272 -43.7884 -44.8028 -14.1308 0.993586 4.26307 2.30244
J1738+0333 4.61989 1.50796 184574 10.1207 6.47539 -13.4495 -12.5888 -42.8931 2.03826 2.64562 2.78455
J1741+1351 4.6321 1.3282 236666 9.58467 2.90827 -44.3034 -43.3733 -45.0604 4.52827 3.63164 4.02653
J1744-1134 4.64432 1.77325 226564 10.1057 5.13163 -14.1707 -44.0779 -43.4437 1.63288 0.926571 1.85989
J1745+1017 4.64956 1.39103 574365 10.7754 0.736369 -12.7909 -13.82 -44.1091 0.909325 1.92298 1.67534
J1747-4036 4.66003 2.2794 48461.2 10.3869 6.20901 -13.6455 -44.5211 -45.6996 3.44996 4.7948 3.42158
J1751-2857 4.67574 2.07694 201458 10.2178 2.63357 -44.8862 -15.0576 -44.7209 1.88737 1.18475 3.28091
J1802-2124 4.72112 1.9443 179427 9.77019 0.664905 -15.3214 -14.297 -43.7017 0.85423 3.44052 2.9557
J1811-2405 4.76126 1.99142 348057 9.94338 4.1588 -42.993 -44.3652 -45.5616 2.24256 4.1353 2.2803
J1832-0836 4.85376 1.72089 332973 9.81126 3.62459 -13.6091 -43.8608 -45.1042 3.84918 4.6475 4.9563
J1843-1113 4.90263 1.76627 69122.6 9.71384 3.83805 -42.9318 -45.8778 -44.3075 3.08741 2.49659 2.35833
J1853+1303 4.94801 1.34216 489625 9.58219 0.608771 -14.1122 -44.9626 -15.6413 1.43591 0.34508 0.602816
B1855+09 4.96372 1.4015 265756 10.2707 0.611206 -15.2239 -43.5364 -45.4901 2.09885 1.11534 3.75245
J1903+0327 4.98815 1.50971 114245 10.1157 3.13193 -12.8418 -44.2076 -43.9683 1.96363 4.0683 3.48916
J1909-3744 5.01608 2.22879 858401 9.48006 2.14449 -13.039 -13.6841 -45.4927 3.1317 0.972941 1.63458
J1910+1256 5.01782 1.34565 227856 10.0615 0.730716 -42.849 -45.9554 -43.4229 1.1015 2.70132 3.84927
J1911+1347 5.02655 1.32994 257746 9.91776 3.52618 -13.2508 -45.1713 -44.529 4.73492 2.06318 0.654759
J1918-0642 5.05622 1.68773 37979.2 9.8668 2.47097 -44.2828 -45.6083 -44.9551 2.47573 4.69736 1.91912
J1923+2515 5.07542 1.12923 244079 9.9028 1.53795 -43.5239 -45.7164 -42.9829 4.37564 4.41244 1.83701
B1937+21 5.14698 1.19381 108012 9.78472 2.4334 -12.5444 -15.0325 -13.3275 2.07423 4.20898 2.81602
J1944+0907 5.16617 1.41197 623030 10.2143 1.38734 -45.3569 -43.7231 -42.7018 4.60838 2.52802 2.83867
J1946+3417 5.17665 0.972148 130274 10.1222 19.0488 -14.8856 -12.9224 -45.7649 1.18232 4.96391 1.865
B1953+29 5.21679 1.06291 191927 9.85822 0.725212 -15.3663 -42.7126 -44.2115 2.35978 3.74095 1.6487
J2010-1323 5.28311 1.80467 137189 9.68816 1.15155 -12.739 -14.0235 -43.3705 1.8355 2.58239 4.96933
J2017+0603 5.31104 1.46433 133990 10.087 0.83698 -14.8866 -44.5458 -45.415 3.37672 1.53467 0.987198
J2033+1734 5.3826 1.26362 279249 10.4699 3.24695 -12.845 -43.8701 -45.8237 2.81494 1.03164 1.90251
J2043+1711 5.42448 1.2706 134537 10.2911 2.23745 -44.5112 -44.3538 -43.1674 2.06104 1.66062 3.72436
J2124-3358 5.606 2.16421 508524 10.2822 1.07474 -15.6575 -45.7736 -44.269 4.03111 1.40385 0.700409
J2145-0750 5.6985 1.70693 356431 9.62682 2.36694 -43.7256 -44.5766 -42.8859 0.345133 2.8631 2.49571
J2214+3000 5.82416 1.0472 181428 10.1031 2.34852 -14.4373 -43.9974 -45.3786 4.04619 1.91725 3.86885
J2229+2643 5.89049 1.10479 98550.1 10.3111 1.43148 -13.8348 -43.3711 -43.6961 1.86304 2.23568 3.37285
J2234+0611 5.90968 1.46259 357202 9.88663 3.91989 -12.8496 -43.281 -45.0627 0.336967 3.43812 3.00763
J2234+0944 0.394444 1.4015 123489 9.72755 0.7771 -45.8198 -44.3809 -45.8766 4.90943 0.74445 3.13449
J2302+4442 6.0336 0.790634 86844.1 9.97823 4.25766 -14.3512 -44.8021 -43.0856 3.19746 3.49437 2.55588
J2317+1439 6.09644 1.31423 152605 10.0053 7.45021 -13.5848 -45.8991 -43.2405 2.08326 2.92552 3.73075
J2322+2057 6.11912 1.20428 390244 9.9473 0.570993 -12.6687 -45.5379 -45.0392 0.451108 2.8777 4.06278
